1.00 0.80 0.92 0.53 0.59 0.79 0.71 0.82 0.76
0.80 1.00 0.74 0.00 0.33 1.00 0.19 1.00 0.99
0.92 0.74 1.00 0.66 0.84 0.74 0.77 0.73 0.75
0.53 0.00 0.66 1.00 0.83 0.00 0.97 0.00 0.00
0.59 0.33 0.84 0.83 1.00 0.35 0.81 0.31 0.39
0.79 1.00 0.74 0.00 0.35 1.00 0.19 1.00 0.99
0.71 0.19 0.77 0.97 0.81 0.19 1.00 0.20 0.17
0.82 1.00 0.73 0.00 0.31 1.00 0.20 1.00 0.98
0.76 0.99 0.75 0.00 0.39 0.99 0.17 0.98 1.00
